0.2448720932006836
0.2057490348815918
0.24414682388305664
0.23646306991577148
0.26656508445739746
0.22301912307739258
0.25020503997802734
0.3480539321899414
0.26784396171569824
0.2723970413208008
0.3285560607910156
0.2678658962249756
0.207366943359375
0.21029186248779297
0.25005388259887695
0.2606852054595947
0.20192265510559082
0.2572958469390869
0.20104289054870605
0.20284485816955566
0.2148728370666504
0.19830870628356934
0.20027637481689453
0.7471320629119873
0.25316405296325684
0.20835614204406738
0.20281481742858887
0.21390318870544434
0.2521040439605713
0.4230661392211914
0.226762056350708
0.23421883583068848
0.2084062099456787
0.2052478790283203
0.2097172737121582
0.20874619483947754
0.19883990287780762
0.23722600936889648
0.24822282791137695
0.4142627716064453
0.293471097946167
0.2245638370513916
0.21889686584472656
0.22559595108032227
0.25828003883361816
0.21368193626403809
0.20092225074768066
0.22833585739135742
0.2072429656982422
0.20191001892089844
0.36514711380004883
0.25141191482543945
0.20986413955688477
0.2290480136871338
0.24944472312927246
0.2359306812286377
0.2189502716064453
0.22682690620422363
0.2190258502960205
0.661484956741333
0.2045900821685791
0.202775239944458
0.24772310256958008
0.22221112251281738
0.2144758701324463
0.2007007598876953
0.20100998878479004
0.2237262725830078
0.22029900550842285
0.20732378959655762
0.2917962074279785
0.25948119163513184
0.19960689544677734
0.3672769069671631
0.23015308380126953
0.47168588638305664
0.24899029731750488
0.2032320499420166
0.21029186248779297
0.2279338836669922
0.294201135635376
0.206254243850708
0.2610969543457031
0.260145902633667
0.22086501121520996
0.2828247547149658
0.22718405723571777
0.21051812171936035
0.2257373332977295
0.30315709114074707
0.48932480812072754
0.20065617561340332
0.2542707920074463
0.24552392959594727
0.22975373268127441
0.24730491638183594
18.27687692642212
0.2724642753601074
0.20177483558654785
0.22310113906860352
