0.21988797187805176
0.2101900577545166
0.1982419490814209
0.2337338924407959
0.23239517211914062
0.2712719440460205
0.26296019554138184
0.26116085052490234
0.22099804878234863
0.20280671119689941
0.19926977157592773
0.21136093139648438
0.20969605445861816
0.19856595993041992
0.18854403495788574
0.19170165061950684
0.1956171989440918
0.18860816955566406
0.1845569610595703
0.20482993125915527
0.19597911834716797
0.19120430946350098
0.20208215713500977
0.19897127151489258
0.2068181037902832
0.1884169578552246
0.2059192657470703
0.18938684463500977
0.19212698936462402
0.18593096733093262
0.26462578773498535
0.22799301147460938
0.1916961669921875
0.1840660572052002
0.19047808647155762
0.18584918975830078
0.19103193283081055
0.19638800621032715
0.19298505783081055
0.1887960433959961
0.1931450366973877
0.1917870044708252
0.1963047981262207
0.1933300495147705
0.21071910858154297
0.19755291938781738
0.198408842086792
0.20224690437316895
0.195343017578125
0.19729399681091309
0.18692898750305176
0.2059803009033203
0.19657325744628906
0.18655800819396973
0.1905820369720459
0.23700499534606934
0.2531111240386963
0.18567705154418945
0.18335199356079102
0.18595409393310547
0.1962568759918213
0.18495988845825195
0.19533801078796387
0.1851940155029297
0.22046685218811035
0.1988072395324707
0.18379688262939453
0.19381499290466309
0.1930382251739502
0.19227004051208496
0.20273303985595703
0.19111084938049316
0.20997405052185059
0.19461393356323242
0.18516206741333008
0.20377206802368164
0.19366693496704102
0.19466376304626465
0.1888279914855957
0.19138884544372559
0.2221231460571289
0.2654860019683838
0.1973271369934082
0.19209814071655273
0.18989109992980957
0.18904495239257812
0.19042301177978516
0.18747711181640625
0.18329882621765137
0.19273090362548828
0.19885897636413574
0.19545888900756836
0.1941676139831543
0.191756010055542
0.1868729591369629
0.1967771053314209
0.18344688415527344
0.1844470500946045
0.19127583503723145
0.19339203834533691
