0.2430729866027832
0.21590590476989746
0.188917875289917
0.1933460235595703
0.21240806579589844
0.18834495544433594
0.18269586563110352
0.19131112098693848
0.1811680793762207
0.18927526473999023
0.19522786140441895
0.28237318992614746
0.21805906295776367
0.18224000930786133
0.1911020278930664
0.1841259002685547
0.1844310760498047
0.1890580654144287
0.1897110939025879
0.19164681434631348
0.1845088005065918
0.18650221824645996
0.1879439353942871
0.18415522575378418
0.17982172966003418
0.18816089630126953
0.19288897514343262
0.18746614456176758
0.20665287971496582
0.18665409088134766
0.1812288761138916
0.19034194946289062
0.18401193618774414
0.18706202507019043
0.20530486106872559
0.19260692596435547
0.19308900833129883
0.2543449401855469
0.21721339225769043
0.1849050521850586
0.19314908981323242
0.20570015907287598
0.17855310440063477
0.18272805213928223
0.17763280868530273
0.19608283042907715
0.18975186347961426
0.18665289878845215
0.1903529167175293
0.20192790031433105
0.18527698516845703
0.18424391746520996
0.17941713333129883
0.18927597999572754
0.1993408203125
0.18923687934875488
0.18098211288452148
0.19028401374816895
0.1813187599182129
0.18901896476745605
0.18131613731384277
0.18598699569702148
0.35144495964050293
0.2708699703216553
0.20772981643676758
0.20171213150024414
0.19073987007141113
0.18762493133544922
0.17880702018737793
0.1889500617980957
0.18163204193115234
0.19065213203430176
0.19300508499145508
0.18580412864685059
0.19642210006713867
0.18354082107543945
0.1799638271331787
0.1929631233215332
0.18487119674682617
0.1932051181793213
0.17945599555969238
0.18306303024291992
0.19693517684936523
0.1824047565460205
0.1914529800415039
0.18740415573120117
0.19131684303283691
0.18333172798156738
0.2526102066040039
0.22137975692749023
0.18797969818115234
0.18042802810668945
0.1948528289794922
0.1807117462158203
0.18676519393920898
0.18470287322998047
0.1836378574371338
0.18396902084350586
0.18697071075439453
0.17908000946044922
