0.2658560276031494
0.2476511001586914
0.3084702491760254
0.25655508041381836
0.4333162307739258
0.3049757480621338
0.23671388626098633
0.25883913040161133
0.2443692684173584
0.24631500244140625
0.2615537643432617
0.2472381591796875
0.3150789737701416
0.27840590476989746
0.24116134643554688
0.243804931640625
0.23751592636108398
0.24223089218139648
0.24140000343322754
0.2445662021636963
0.2384941577911377
0.2505788803100586
0.24922800064086914
0.3117530345916748
0.3076329231262207
0.24823307991027832
0.2500920295715332
0.257861852645874
0.2559030055999756
0.24876999855041504
0.24467897415161133
0.2443997859954834
0.26236820220947266
0.26305723190307617
0.26400208473205566
0.24166584014892578
0.23408198356628418
0.25849485397338867
0.2550039291381836
0.25388383865356445
0.24232006072998047
0.25562191009521484
0.28559398651123047
0.3584132194519043
0.23744487762451172
0.2390589714050293
0.24401187896728516
0.23686003684997559
0.24274206161499023
0.24896001815795898
0.25748610496520996
0.2420182228088379
0.2478039264678955
0.23821282386779785
0.23692989349365234
0.23626708984375
0.24379515647888184
0.2448408603668213
0.24312496185302734
0.23377013206481934
0.253216028213501
0.24587702751159668
0.2636263370513916
0.34601521492004395
0.24728989601135254
0.23817110061645508
0.25806307792663574
0.24721527099609375
0.24480628967285156
0.2453768253326416
0.2443099021911621
0.24206089973449707
0.24454188346862793
0.24437880516052246
0.24225687980651855
0.24930214881896973
0.2332749366760254
0.2547159194946289
0.25554394721984863
0.2562220096588135
0.2394418716430664
0.24397516250610352
0.2904939651489258
0.3301069736480713
0.24126124382019043
0.2413179874420166
0.246337890625
0.24175095558166504
0.24152922630310059
0.24512290954589844
0.24578571319580078
0.2384648323059082
0.24441885948181152
0.2406010627746582
0.24215173721313477
0.23475217819213867
0.24475383758544922
0.23598527908325195
0.251446008682251
0.23973822593688965
