0.33614325523376465
0.39421796798706055
0.40181493759155273
0.5589878559112549
0.34799623489379883
0.3329339027404785
0.3185231685638428
0.31457996368408203
0.3303041458129883
0.3124055862426758
0.32247400283813477
0.342587947845459
0.4063379764556885
0.3381381034851074
0.3317229747772217
0.31210803985595703
0.32067227363586426
0.31629395484924316
0.32778286933898926
0.35456204414367676
0.32313108444213867
0.3702728748321533
0.339508056640625
0.3133351802825928
0.31502223014831543
0.3506031036376953
0.38343310356140137
0.5222330093383789
0.4573488235473633
0.33573102951049805
0.3084709644317627
0.31287503242492676
0.3013722896575928
0.32133913040161133
0.3692350387573242
0.3213059902191162
0.3203549385070801
0.33757734298706055
0.33991003036499023
0.33637475967407227
0.4088399410247803
0.3900492191314697
0.30976104736328125
0.3255338668823242
0.3423480987548828
0.316486120223999
0.32712697982788086
0.3603088855743408
0.32908129692077637
0.33312106132507324
0.32787299156188965
0.3293576240539551
0.3504068851470947
0.3061251640319824
0.32761383056640625
0.41291284561157227
0.3807661533355713
0.335172176361084
0.33780598640441895
0.3332710266113281
0.34690093994140625
0.32303285598754883
0.3327000141143799
0.3340110778808594
0.3589441776275635
0.31508779525756836
0.3459508419036865
0.31257128715515137
0.3101959228515625
0.4033787250518799
0.4146733283996582
0.36595892906188965
0.32477784156799316
0.32100725173950195
0.3593478202819824
0.31476712226867676
0.33318614959716797
0.32389092445373535
0.32430100440979004
0.3506150245666504
0.331510066986084
0.3065168857574463
0.3484201431274414
0.3632800579071045
0.3853118419647217
0.43373703956604004
0.3475220203399658
0.3161609172821045
0.3061079978942871
0.3205759525299072
0.3141961097717285
0.3321068286895752
0.3258991241455078
0.32845091819763184
0.3315248489379883
0.30537891387939453
0.3379790782928467
0.30992674827575684
0.3293449878692627
0.4145228862762451
