0.28525495529174805
0.23826932907104492
0.24598288536071777
0.2480320930480957
0.29009532928466797
0.25796008110046387
0.23446297645568848
0.2276449203491211
0.2272179126739502
0.23038196563720703
0.3167531490325928
0.37485194206237793
0.27852320671081543
0.26016902923583984
0.224639892578125
0.24712300300598145
0.22264599800109863
0.23149681091308594
0.2420649528503418
0.24334406852722168
0.2407701015472412
0.21919012069702148
0.23067712783813477
0.22986817359924316
0.22793102264404297
0.22521686553955078
0.22544527053833008
0.22738885879516602
0.2414872646331787
0.23249578475952148
0.22494101524353027
0.29294514656066895
0.2767941951751709
0.2356419563293457
0.22577929496765137
0.2281639575958252
0.22603416442871094
0.21933579444885254
0.21579909324645996
0.22592902183532715
0.22347807884216309
0.2242889404296875
0.22194719314575195
0.23281478881835938
0.22359991073608398
0.22612524032592773
0.22041964530944824
0.23024797439575195
0.22955107688903809
0.22445225715637207
0.21828985214233398
0.22523713111877441
0.24512600898742676
0.3000171184539795
0.24278783798217773
0.23553204536437988
0.22381591796875
0.22701787948608398
0.24397897720336914
0.22772002220153809
0.22715401649475098
0.22150206565856934
0.22602081298828125
0.2255258560180664
0.22647690773010254
0.22823667526245117
0.21775078773498535
0.23089194297790527
0.22724103927612305
0.23134326934814453
0.23296523094177246
0.21642303466796875
0.2255408763885498
0.22588419914245605
0.2908952236175537
0.2754359245300293
0.2236311435699463
0.22600412368774414
0.2317650318145752
0.2273540496826172
0.2260291576385498
0.21666717529296875
0.22250604629516602
0.2250380516052246
0.22784686088562012
0.21893906593322754
0.22555899620056152
0.2236647605895996
0.2420642375946045
0.22805285453796387
0.21738004684448242
0.22909998893737793
0.22820186614990234
0.22450518608093262
0.22527408599853516
0.22135186195373535
0.3526020050048828
0.22546887397766113
0.22975802421569824
0.22939324378967285
