0.27266597747802734
0.24982905387878418
0.5372231006622314
0.39761781692504883
0.24564409255981445
0.273651123046875
0.28356480598449707
0.42937397956848145
0.24807190895080566
0.27076029777526855
0.2468400001525879
0.24739813804626465
0.31824207305908203
0.25489282608032227
0.25992918014526367
0.25882387161254883
0.2627441883087158
0.25243282318115234
0.3430309295654297
0.3661229610443115
0.29277586936950684
0.25058913230895996
0.27628016471862793
0.2850983142852783
0.32222485542297363
0.2426280975341797
0.2546958923339844
0.24819707870483398
0.24563097953796387
0.2968571186065674
0.29813671112060547
0.25133705139160156
0.26334095001220703
0.2596609592437744
0.25064802169799805
0.2957899570465088
0.257232666015625
0.3260962963104248
0.3346869945526123
0.3058621883392334
0.32006192207336426
0.265380859375
0.2603902816772461
0.26314592361450195
0.3014719486236572
0.2660181522369385
0.2821779251098633
0.2682490348815918
0.2734389305114746
0.29694700241088867
0.2438831329345703
0.25865721702575684
0.25160789489746094
0.2746129035949707
0.2650599479675293
0.3841829299926758
0.23758792877197266
0.24357128143310547
0.2665119171142578
0.24581193923950195
0.30399274826049805
0.2674241065979004
0.26851606369018555
0.36300110816955566
0.2809178829193115
0.3479118347167969
0.23964285850524902
0.25916504859924316
0.29993224143981934
0.3674778938293457
0.2582099437713623
0.2517247200012207
0.29004502296447754
0.3466200828552246
0.23719215393066406
0.27828407287597656
0.3160057067871094
0.2434089183807373
0.3172178268432617
0.2792682647705078
0.25394701957702637
0.24626493453979492
0.25817394256591797
0.2364652156829834
0.26325416564941406
0.3630409240722656
0.2607691287994385
0.2522239685058594
0.22700810432434082
0.24933290481567383
0.2745821475982666
0.3789691925048828
0.25332021713256836
0.24306297302246094
0.26855993270874023
0.2627420425415039
0.24700188636779785
0.25415802001953125
0.2568168640136719
0.2659149169921875
