7.4545159339904785
2.648106813430786
0.66420578956604
3.3941550254821777
6.41360878944397
9.261691808700562
13.694628953933716
108.24470806121826
14.512057065963745
32.00061798095703
34.76290512084961
36.454599142074585
5.6737260818481445
13.36811089515686
16.162425994873047
7.254919052124023
1.028419017791748
7.758328199386597
0.9742770195007324
5.21841835975647
5.538987159729004
0.896136999130249
7.866215944290161
80.61157822608948
71.6958339214325
0.9654781818389893
1.1141548156738281
0.9939830303192139
19.364322662353516
56.359161138534546
3.7581071853637695
13.5106680393219
1.4681968688964844
24.25936198234558
0.363955020904541
0.43557214736938477
2.3426098823547363
7.839334011077881
2.5696959495544434
39.55383896827698
61.292794704437256
1.5202901363372803
0.5030310153961182
0.9130539894104004
65.42645478248596
0.9477310180664062
1.7643418312072754
15.825102090835571
1.2738590240478516
0.3905830383300781
16.538259267807007
10.162342309951782
0.7609109878540039
5.087621688842773
8.585099220275879
1.8506321907043457
1.5916039943695068
2.9928040504455566
3.6822879314422607
191.16529989242554
0.4683809280395508
1.7840020656585693
21.967525243759155
7.184148073196411
2.6850900650024414
2.0120832920074463
10.6826491355896
30.033243894577026
0.7750639915466309
0.6024808883666992
6.637091159820557
22.03724217414856
2.6944267749786377
7.927581071853638
0.4815800189971924
101.60576295852661
30.406884908676147
0.40735316276550293
0.4376242160797119
0.4334092140197754
20.728197813034058
6.5126121044158936
44.969101667404175
18.646189212799072
8.075139045715332
98.74506497383118
8.831648826599121
1.2557470798492432
1.777087926864624
15.737617015838623
105.66952395439148
7.243334054946899
59.804917097091675
7.134512901306152
1.961035966873169
24.909591674804688
336.47090005874634
6.423768997192383
0.40399599075317383
1.5263919830322266
