0.24979305267333984
0.20971298217773438
0.2186288833618164
0.2093799114227295
0.2649881839752197
0.2216029167175293
0.21238493919372559
0.2245161533355713
0.236954927444458
0.21740293502807617
0.23180103302001953
0.23931884765625
0.24074292182922363
0.2404649257659912
0.21219801902770996
0.21922087669372559
0.20601391792297363
0.289752721786499
0.27668309211730957
0.23185324668884277
0.21048974990844727
0.22073888778686523
0.24630117416381836
0.23122787475585938
0.21518802642822266
0.20515775680541992
0.21790528297424316
0.23751401901245117
0.23435711860656738
0.23300600051879883
0.21764206886291504
0.23286819458007812
0.22259998321533203
0.22021007537841797
0.23621702194213867
0.2364661693572998
0.2213888168334961
0.21801018714904785
0.2185380458831787
0.29409313201904297
0.2462921142578125
0.21737217903137207
0.20510268211364746
0.22660088539123535
0.2238321304321289
0.2352449893951416
0.21666407585144043
0.22785282135009766
0.21384024620056152
0.23505520820617676
0.22325706481933594
0.20778894424438477
0.22890996932983398
0.2141401767730713
0.21727991104125977
0.22022008895874023
0.23954391479492188
0.21777915954589844
0.21515703201293945
0.20636892318725586
0.21314787864685059
0.2856471538543701
0.26572275161743164
0.22140908241271973
0.21892833709716797
0.22303175926208496
0.23518586158752441
0.2269270420074463
0.22596096992492676
0.22530388832092285
0.21715188026428223
0.21568894386291504
0.20729899406433105
0.2266530990600586
0.2252950668334961
0.23730707168579102
0.21475982666015625
0.21036911010742188
0.22496485710144043
0.21625399589538574
0.22050786018371582
0.2407538890838623
0.217026948928833
0.2312932014465332
0.3094151020050049
0.22175979614257812
0.22687387466430664
0.2140500545501709
0.21825909614562988
0.23286986351013184
0.21556806564331055
0.22091889381408691
0.22186899185180664
0.23415303230285645
0.2229318618774414
0.2149648666381836
0.2082679271697998
0.21436691284179688
0.21741104125976562
0.21106815338134766
